10
50 15
11 12 13 14 15 16 17 18 19 20 11 12 13 14 15 16 17 18 19 20 11 12 13 14 15 16 17 18 19 20 11 12 13 14 15 16 17 18 19 20 11 12 13 14 15 16 17 18 19 20
50 15
11 12 13 14 15 16 17 18 19 20 11 12 13 14 15 16 17 18 19 20 11 12 13 14 15 16 17 18 19 20 11 12 13 14 15 16 17 18 19 20 11 12 13 14 15 16 17 18 19 20
50 15
11 12 13 14 15 16 17 18 19 20 11 12 13 14 15 16 17 18 19 20 11 12 13 14 15 16 17 18 19 20 11 12 13 14 15 16 17 18 19 20 11 12 13 14 15 16 17 18 19 20
50 15
11 12 13 14 15 16 17 18 19 20 11 12 13 14 15 16 17 18 19 20 11 12 13 14 15 16 17 18 19 20 11 12 13 14 15 16 17 18 19 20 11 12 13 14 15 16 17 18 19 20
50 15
11 12 13 14 15 16 17 18 19 20 11 12 13 14 15 16 17 18 19 20 11 12 13 14 15 16 17 18 19 20 11 12 13 14 15 16 17 18 19 20 11 12 13 14 15 16 17 18 19 20
50 15
11 12 13 14 15 16 17 18 19 20 11 12 13 14 15 16 17 18 19 20 11 12 13 14 15 16 17 18 19 20 11 12 13 14 15 16 17 18 19 20 11 12 13 14 15 16 17 18 19 20
50 15
11 12 13 14 15 16 17 18 19 20 11 12 13 14 15 16 17 18 19 20 11 12 13 14 15 16 17 18 19 20 11 12 13 14 15 16 17 18 19 20 11 12 13 14 15 16 17 18 19 20
50 15
11 12 13 14 15 16 17 18 19 20 11 12 13 14 15 16 17 18 19 20 11 12 13 14 15 16 17 18 19 20 11 12 13 14 15 16 17 18 19 20 11 12 13 14 15 16 17 18 19 20
50 15
11 12 13 14 15 16 17 18 19 20 11 12 13 14 15 16 17 18 19 20 11 12 13 14 15 16 17 18 19 20 11 12 13 14 15 16 17 18 19 20 11 12 13 14 15 16 17 18 19 20
50 15
11 1 13 14 15 16 17 18 19 20 11 12 13 14 15 16 17 18 19 20 11 12 13 14 15 16 17 18 19 20 11 12 13 14 15 16 17 18 19 20 11 12 13 14 15 16 17 18 19 20

